params: [1.     0.075  0.3    0.1075 2.285 ] cost: 11.131933333333325
params: [1.05   0.075  0.3    0.1075 2.285 ] cost: 11.392066666666658
params: [1.      0.07875 0.3     0.1075  2.285  ] cost: 10.528233333333326
params: [1.     0.075  0.315  0.1075 2.285 ] cost: 10.070599999999992
params: [1.       0.075    0.3      0.112875 2.285   ] cost: 11.151533333333324
params: [1.      0.075   0.3     0.1075  2.39925] cost: 12.446933333333325
params: [1.02    0.0765  0.306   0.10965 2.17075] cost: 9.102799999999991
params: [1.03     0.07725  0.309    0.110725 2.0565  ] cost: 7.313099999999994
params: [0.962   0.0774  0.3096  0.11094 2.1936 ] cost: 8.73866666666666
params: [0.9968   0.07836  0.31344  0.104791 2.15704 ] cost: 8.04626666666666
params: [0.99552   0.079704  0.318816  0.1090824 2.105856 ] cost: 6.940733333333327
params: [0.99328   0.082056  0.328224  0.1098736 2.016284 ] cost: 5.2578333333333305
params: [0.992832   0.0772764  0.3301056  0.11003184 1.9983696 ] cost: 5.40443333333333
params: [0.9899648  0.08193696 0.32114784 0.11104458 1.88371744] cost: 4.400366666666665
params: [0.9849472  0.08540544 0.32422176 0.11281686 1.68307616] cost: 9.02690000000001
params: [1.03915072 0.08135174 0.33116698 0.10764641 1.85116442] cost: 4.610333333333337
params: [1.02129101 0.08158844 0.33441777 0.11493757 1.76537418] cost: 7.25590000000001
params: [0.98460741 0.08443382 0.34902487 0.1106886  1.74946386] cost: 10.33570000000001
params: [1.01865185 0.07904595 0.31900622 0.1107159  1.97974096] cost: 5.5401666666666625
params: [0.99226074 0.07907838 0.31744249 0.10478736 2.12633639] cost: 7.308466666666661
params: [1.01403344 0.08096093 0.33017395 0.11240002 1.85561473] cost: 4.591300000000004
params: [0.99305253 0.08238686 0.33732113 0.10968268 1.86231911] cost: 5.291600000000008
params: [1.0189606  0.0862006  0.32910796 0.11022707 1.78927028] cost: 6.390800000000009
params: [0.99936415 0.07950745 0.32985619 0.11008065 1.94609477] cost: 4.819699999999997
params: [1.02126471 0.07993837 0.31890645 0.11073542 1.95883103] cost: 5.245333333333329
params: [1.03223113 0.07942218 0.32427656 0.11088923 1.78188496] cost: 5.037166666666675
params: [1.00863298 0.08133333 0.33574215 0.11008893 1.76855949] cost: 7.343000000000011
params: [1.01810678 0.08028711 0.32311538 0.1105738  1.91126315] cost: 4.657233333333331
params: [0.99201683 0.0821955  0.32990757 0.10980895 1.99725685] cost: 5.035733333333331
params: [1.0020704  0.08150217 0.32849982 0.11007902 1.94341387] cost: 4.7153666666666645
params: [1.02596631 0.08290812 0.32378539 0.11061688 1.83197467] cost: 4.453533333333336
params: [1.03281842 0.08147578 0.323256   0.11083365 1.79007989] cost: 4.943133333333341
params: [1.00975741 0.08149557 0.32718886 0.11026768 1.90508038] cost: 4.504866666666667
params: [1.01344229 0.08317421 0.33026983 0.11021642 1.81975751] cost: 5.3881000000000085
params: [1.01694066 0.08100889 0.32490399 0.11048445 1.88838674] cost: 4.457466666666665
params: [0.98351433 0.08197244 0.31971304 0.11427904 1.89474517] cost: 4.492033333333333
params: [0.99642396 0.08276786 0.3165217  0.11027703 1.90594703] cost: 4.565833333333331
params: [1.00082633 0.08231613 0.31993476 0.11080778 1.89336395] cost: 4.456233333333332
params: [0.99712756 0.08256144 0.31660515 0.11262541 1.85179481] cost: 4.252166666666667
params: [0.99081264 0.08309438 0.31131329 0.11380428 1.82515203] cost: 4.150499999999999
params: [1.02628997 0.08253335 0.32072107 0.10842415 1.83429276] cost: 4.279633333333335
params: [0.99660336 0.08410669 0.31385696 0.11139461 1.81901361] cost: 4.1684333333333345
params: [1.0110285  0.08351567 0.31639506 0.11130602 1.78429625] cost: 4.64783333333334
params: [1.00337687 0.08261601 0.31904984 0.11093234 1.86609703] cost: 4.3069999999999995
params: [0.97685275 0.08280684 0.31065021 0.1116231  1.85933447] cost: 4.304899999999999
params: [1.00760944 0.08412595 0.30908871 0.11142682 1.79783852] cost: 4.060033333333336
params: [1.01643175 0.08522044 0.30305914 0.11161794 1.75489906] cost: 4.016033333333336
params: [0.99941932 0.08448866 0.30479043 0.1118133  1.77097974] cost: 4.010866666666669
params: [0.99744054 0.08542499 0.29766072 0.11225377 1.7234211 ] cost: 4.066866666666671
params: [1.03497007 0.08497057 0.31084615 0.11119861 1.74240041] cost: 4.945700000000009
params: [0.99138208 0.08334777 0.31069919 0.11151698 1.83010096] cost: 4.137099999999999
params: [0.97156969 0.08556983 0.29676653 0.11563469 1.76576539] cost: 3.8289333333333335
params: [0.94420955 0.08708807 0.28478925 0.11923996 1.73150171] cost: 3.6196999999999986
params: [0.98029877 0.08518904 0.29200357 0.11580237 1.74603979] cost: 3.7481999999999998
params: [0.98188395 0.08703922 0.28682334 0.11419194 1.70825648] cost: 3.611266666666668
params: [0.9774196  0.08901163 0.27457836 0.11438577 1.6498087 ] cost: 3.3297666666666696
params: [0.97572952 0.08905137 0.27298911 0.11762675 1.63119065] cost: 3.4198666666666715
params: [0.93439895 0.08871107 0.26860115 0.11992932 1.65690918] cost: 3.227066666666665
params: [0.89338255 0.09045639 0.25137216 0.12408501 1.60791424] cost: 3.034866666666664
params: [0.90899669 0.09182994 0.24550255 0.12464265 1.57560229] cost: 2.8791333333333307
params: [0.86378537 0.09550057 0.21585861 0.13105732 1.47791356] cost: 3.64566666666666
params: [0.89959639 0.09378591 0.23968901 0.12418968 1.53236724] cost: 2.5473666666666643
params: [0.8592452  0.09808434 0.21353173 0.12838334 1.42553096] cost: 2.8166999999999938
params: [0.91784035 0.09456603 0.22886322 0.12273198 1.46725154] cost: 2.3340999999999963
params: [0.90465575 0.09830501 0.20090021 0.124478   1.33512645] cost: 3.1921333333333255
params: [0.86316471 0.09480859 0.22301301 0.12638728 1.50198696] cost: 3.235366666666661
params: [0.81577267 0.09716711 0.20079762 0.13442887 1.4242402 ] cost: 4.785166666666659
params: [0.93700787 0.0910505  0.25613318 0.11939654 1.59341658] cost: 2.866299999999999
params: [0.95956483 0.08986692 0.26561104 0.11963106 1.6086338 ] cost: 3.137333333333337
params: [0.9354648  0.09110233 0.25496153 0.12132012 1.58197209] cost: 2.8072000000000004
params: [0.94617989 0.0944775  0.23868764 0.12082738 1.49232966] cost: 2.3103
params: [0.97257855 0.09648805 0.23234538 0.11919857 1.43453736] cost: 2.1657666666666704
params: [0.9559985  0.09496719 0.23929437 0.11809211 1.46821563] cost: 2.4869666666666723
params: [0.93558357 0.09731331 0.22192823 0.12281644 1.40032097] cost: 1.8587666666666638
params: [0.93487141 0.10044471 0.20482575 0.12452639 1.30377316] cost: 1.935533333333328
params: [0.93717414 0.09974586 0.20988656 0.1214914  1.33910501] cost: 1.917266666666662
params: [0.98807365 0.09944627 0.2132381  0.11754252 1.31140496] cost: 1.521466666666668
params: [1.03231229 0.10227644 0.20001264 0.11421894 1.20092383] cost: 1000000000
params: [0.94450161 0.10005661 0.20321022 0.12342025 1.31283231] cost: 2.379333333333327
params: [0.94737583 0.09878426 0.21223126 0.12208822 1.35167814] cost: 1.9132999999999953
params: [0.99447395 0.10214507 0.20698859 0.11852288 1.26756704] cost: 1.3479666666666672
params: [1.03279075 0.10593459 0.19605127 0.11641833 1.16772479] cost: 1000000000
params: [0.94849391 0.10248585 0.19336371 0.12178601 1.23349308] cost: 2.566933333333326
params: [0.96655739 0.0979875  0.22259996 0.11984543 1.38427629] cost: 1.7995333333333345
params: [0.99565161 0.0985247  0.2209079  0.1188348  1.34699395] cost: 1.9320666666666728
params: [0.95179351 0.09944057 0.21264189 0.12082725 1.34107724] cost: 1.702366666666663
params: [0.987217   0.09974883 0.21872745 0.11773359 1.33018047] cost: 1.9226333333333394
params: [0.95733612 0.0990254  0.21385531 0.12099956 1.34630372] cost: 1.6921333333333297
params: [1.00771028 0.10190462 0.20580131 0.11627861 1.25993074] cost: 1.3305999999999991
params: [1.04377364 0.10420027 0.19773785 0.1130097  1.18973562] cost: 1000000000
params: [0.99319762 0.10279727 0.19841011 0.1178229  1.22623719] cost: 1.5810333333333282
params: [1.02452314 0.10268688 0.20267547 0.11563934 1.22350021] cost: 1000000000
params: [0.96997592 0.10025215 0.21015029 0.11953027 1.31168299] cost: 1.5365333333333306
params: [1.02403645 0.10359275 0.19998005 0.11487931 1.20442545] cost: 1000000000
params: [0.9740112  0.10016724 0.21038649 0.1194695  1.31083415] cost: 1.5199999999999976
params: [0.98050039 0.09876887 0.2202158  0.11871462 1.35833076] cost: 1.75936666666667
params: [0.99002331 0.10179017 0.20386153 0.11804583 1.25926058] cost: 1.4049999999999963
params: [1.01174104 0.1019292  0.20596012 0.11641346 1.251916  ] cost: 1.3242333333333347
params: [1.0326236  0.10276772 0.20386504 0.11485506 1.22203251] cost: 1.3151666666666701
params: [1.01146329 0.10406366 0.19912309 0.11732623 1.21644504] cost: 1.3468999999999967
params: [1.04050657 0.10490126 0.19746933 0.11454194 1.17926021] cost: 1000000000
params: [0.99063504 0.10135074 0.2071572  0.11823761 1.27794067] cost: 1.3848999999999985
params: [1.02473916 0.10310256 0.20531255 0.11604233 1.23830582] cost: 1.34056666666667
params: [1.03776907 0.10424271 0.20127903 0.11497243 1.20377179] cost: 1000000000
params: [1.00241855 0.10207373 0.20568766 0.11742132 1.25939845] cost: 1.3232333333333326
params: [1.037108   0.10341984 0.20092727 0.11424654 1.21087798] cost: 1000000000
params: [1.00513246 0.10246376 0.20547326 0.11745379 1.25339478] cost: 1.3128
params: [1.01758634 0.1008613  0.21133284 0.11549421 1.27677987] cost: 1.6141333333333383
params: [1.01299405 0.10326307 0.20217552 0.11686823 1.23152875] cost: 1.2704999999999989
params: [0.99961242 0.10188661 0.20388856 0.11710847 1.25220827] cost: 1.3353333333333306
params: [1.00589411 0.10219059 0.20424456 0.11684194 1.24873266] cost: 1.3073999999999995
params: [1.01591482 0.10319893 0.20277711 0.11709752 1.22610412] cost: 1.2544333333333337
